1602752744 1
1604593076 127
1604740098 551471
1604741844 551488
1604742384 551505
1605443148 551529
1605443299 551529
1605449778 551759
1607017598 552640
1607021569 552727
1607023937 552891
1607024569 552992
1607025329 552987
1607027829 553082
1607034019 553203
1607067163 553216
1607103404 553244
1607108086 553320
1607110326 553322
1607115452 553348
1607117182 553433
1607167173 553479
1607181072 553480
1607182343 553491
1607290556 553660
1607291737 553843
1607292297 553877
1607294845 554107
1607296571 554122
1607298065 554171
